I
1000 Generated by WorldEditor 2.0.0r4

1     19 1 0 RJNF FUKUI
100 30.00 1 1 0.25 0 1 0 18  36.14877850  136.22340000   60    0 2 0 0 1 36  36.13691750  136.22444392   60    0 2 0 0 1
110 2 0.25 175.9300 New Taxiway 24
111  36.14026117  136.22385080 102
111  36.14022765  136.22379426 102
111  36.14022352  136.22373201 102
111  36.14021985  136.22363105 102
111  36.14019524  136.22314053 102
112  36.14023567  136.22303208  36.14027204  136.22299204 102
111  36.14031640  136.22298244 102
111  36.14043779  136.22297368 102
111  36.14042770  136.22266192 102
111  36.14082923  136.22261763 102
111  36.14073875  136.22116843 102
111  36.13909819  136.22131673 102
111  36.13920614  136.22309572 102
111  36.13978327  136.22304234 102
112  36.13992561  136.22307683  36.13997281  136.22313076 102
111  36.13997194  136.22318468 102
111  36.14000439  136.22380986 102
112  36.13998361  136.22388558  36.13996159  136.22392241 102
111  36.13990382  136.22393082 102
113  36.14035833  136.22389215 102
110 1 0.25 175.9300 New Taxiway 20
111  36.14036449  136.22397318 51
112  36.14023517  136.22393289  36.14019794  136.22389613 51
111  36.14018908  136.22383904 51
111  36.14015540  136.22313937 51
112  36.14019580  136.22301291  36.14023567  136.22295349 51
111  36.14030546  136.22293459 51
111  36.14039121  136.22292891 51
111  36.14035306  136.22225151 51
111  36.13974366  136.22230451 51
111  36.13978239  136.22300106 51
111  36.13984557  136.22299601 51
112  36.13995756  136.22304750  36.14001732  136.22311454 51
111  36.14001255  136.22318348 51
111  36.14004938  136.22385407 51
112  36.14001552  136.22395614  36.13998315  136.22399850 51
113  36.13992722  136.22401223 51
110 1 0.25 175.9300 New Taxiway 19
111  36.14876359  136.22315286 20
111  36.14875439  136.22301203 20
111  36.14831453  136.22305339 20
113  36.14820822  136.22319854 20
110 1 0.20 175.9300 New Taxiway 18
111  36.13743047  136.22414717 20
111  36.13731583  136.22400544 20
111  36.13689403  136.22404195 20
113  36.13690300  136.22419439 20
120 Linear Feature 23
111  36.14016106  136.22329318 4
115  36.14002103  136.22330693
120 Linear Feature 22
111  36.14012547  136.22392598 51 101
112  36.14006561  136.22409130  36.14000622  136.22416269 51 101
115  36.13994196  136.22417675
120 Linear Feature 21
111  36.14034290  136.22414222 51 101
112  36.14019842  136.22407430  36.14013227  136.22400821 51 101
111  36.14012558  136.22392708 51 101
111  36.14007462  136.22293404 51 101
112  36.14010687  136.22282511  36.14012907  136.22278979 51 101
112  36.14017714  136.22275613  36.14022051  136.22272929 51 101
112  36.14025745  136.22260734  36.14025824  136.22253868 51 101
112  36.14016849  136.22243682  36.14010866  136.22241923 51 101
111  36.14007051  136.22245631 51 101
112  36.14000061  136.22242648  36.13995099  136.22242559 51 101
112  36.13987616  136.22253808  36.13985809  136.22260547 51 101
112  36.13990436  136.22271134  36.13993791  136.22275877 51 101
112  36.14001011  136.22279416  36.14004938  136.22283926 51 101
115  36.14007463  136.22293330
21  36.14616970  136.22415324 2 175.9300 3.00 New Light Fixture 4
21  36.13986335  136.22369985 2 355.9300 3.00 New Light Fixture 2
18  36.13946426  136.22213246 1 New Airport Beacon 8
19  36.14074939  136.22297523 0 New Windsock 6
55 12010 KOMATSU APP

1     36 1 0 RJNK KOMATSU
100 46.00 2 2 0.25 0 3 0 06  36.38698900  136.39474200    0  346 3 1 0 1 24  36.40078900  136.41958900    0  345 3 7 0 1
102 H7  36.38774549  136.40087384  55.40 20.00 20.00 2 0 0 0.00 1
102 H6  36.39254689  136.40947758  55.40 20.00 20.00 2 0 0 0.00 1
102 H5  36.39485775  136.41363044  55.40 20.00 20.00 2 0 0 0.00 1
102 H4  36.39682080  136.41716138  55.39 20.00 20.00 2 0 0 0.00 1
102 H3  36.39698064  136.40796430  55.40 20.00 20.00 2 0 0 0.00 1
102 H2  36.40199707  136.41699087  55.40 20.00 20.00 2 0 0 0.00 1
102 H1  36.39757702  136.42049336  55.40 20.00 20.00 2 0 0 0.00 1
110 1 0.00 0.0000 New Taxiway 11
111  36.39529127  136.41410588
111  36.39553318  136.41405965
111  36.39533832  136.41368735
111  36.39680474  136.41347404
111  36.39671790  136.41326599
111  36.39520909  136.41345243
111  36.39498879  136.41306296
113  36.39476002  136.41308402
110 1 0.00 0.0000 New Taxiway 10
111  36.39443180  136.41317109
111  36.39326874  136.41328273
111  36.39325634  136.41347536
111  36.39258644  136.41356012
111  36.39240656  136.41409179
111  36.39273531  136.41444624
113  36.39496829  136.41416114
110 2 0.25 55.4000 New Taxiway 9
111  36.40187879  136.41696175
111  36.40284049  136.41613539
111  36.40288286  136.41621960
111  36.40302266  136.41609328
111  36.40085229  136.41216301
111  36.40020410  136.41271040
112  36.39996479  136.41276367  36.39983128  136.41274182
111  36.39973808  136.41264198
113  36.39957543  136.41277979
110 2 0.25 55.4000 New Taxiway 2
111  36.39841271  136.42429663 102
111  36.39994682  136.42475366 102
112  36.40014995  136.42471882  36.40026208  136.42465617 102
111  36.40030875  136.42451385 102
111  36.40040526  136.42421409 102
112  36.40044124  136.42402198  36.40043665  136.42392901 102
111  36.40040526  136.42386937 102
111  36.40008757  136.42309499 102
112  36.40002725  136.42290514  36.40001518  136.42282021 102
111  36.40003127  136.42262536 102
111  36.40064117  136.41987115 102
111  36.40039342  136.41942822 102
111  36.40034206  136.41972476 102
111  36.39927251  136.42061812 102
112  36.39909425  136.42065565  36.39900059  136.42062938 102
111  36.39881318  136.42047644 102
111  36.39794118  136.41892263 102
112  36.39790778  136.41875828  36.39791209  136.41867588 102
111  36.39795780  136.41863361 102
111  36.39888368  136.41784068 102
111  36.39892791  136.41726539 102
112  36.39898774  136.41722891  36.39901876  136.41722801 102
111  36.39919425  136.41729242 102
111  36.39881757  136.41662247 102
112  36.39880619  136.41690860  36.39878421  136.41698395 102
111  36.39873951  136.41701590 102
111  36.39759744  136.41798410 102
112  36.39749715  136.41802406  36.39744889  136.41801907 102
111  36.39740442  136.41795912 102
111  36.38860072  136.40209522 102
112  36.38858745  136.40195235  36.38860072  136.40189191 102
111  36.38864053  136.40182597 102
111  36.38975083  136.40086437 102
112  36.38989321  136.40081764  36.38996890  136.40082879 102
111  36.39009144  136.40091659 102
111  36.38969269  136.40019608 102
112  36.38971288  136.40040352  36.38970428  136.40047264 102
111  36.38966236  136.40055116 102
111  36.38846801  136.40158969 102
112  36.38837954  136.40160618  36.38834415  136.40160618 102
111  36.38828665  136.40156222 102
111  36.38721612  136.39962928 102
112  36.38716431  136.39921899  36.38719021  136.39916268 102
111  36.38731327  136.39886502 102
111  36.38814873  136.39814098 102
112  36.38829769  136.39806053  36.38839990  136.39803777 102
111  36.38855410  136.39813914 102
111  36.38825415  136.39759327 102
112  36.38801164  136.39756141  36.38789610  136.39756440 102
111  36.38760548  136.39766631 102
111  36.38681729  136.39838063 102
112  36.38670469  136.39843058  36.38661622  136.39842059 102
111  36.38651970  136.39838563 102
111  36.38566139  136.39681766 102
112  36.38561322  136.39646528  36.38561322  136.39642539 102
111  36.38573633  136.39614615 102
111  36.38657666  136.39540816 102
112  36.38675779  136.39532209  36.38684489  136.39531080 102
111  36.38703697  136.39538157 102
111  36.38675865  136.39488958 102
111  36.38644435  136.39479090 102
112  36.38631012  136.39477469  36.38624473  136.39479382 102
111  36.38621269  136.39482974 102
111  36.38523855  136.39566746 102
112  36.38514756  136.39572065  36.38508333  136.39572729 102
111  36.38500304  136.39568740 102
111  36.38397233  136.39374670 102
112  36.38375823  136.39343423  36.38364583  136.39332121 102
111  36.38355484  136.39324807 102
111  36.38314805  136.39298214 102
111  36.38292981  136.39222535 102
111  36.38272738  136.39211276 102
111  36.38236482  136.39225537 102
112  36.38224055  136.39232140  36.38220127  136.39236268 102
111  36.38217448  136.39244676 102
111  36.38209290  136.39314104 102
111  36.38236029  136.39469444 102
111  36.38280265  136.39544718 102
111  36.38340425  136.39718344 102
111  36.38371229  136.39805428 102
111  36.38425357  136.39906382 102
111  36.38507691  136.39945147 102
112  36.38598842  136.40109203  36.38606362  136.40113598 102
111  36.38638221  136.40107770 102
111  36.38711434  136.40048345 102
112  36.38729006  136.40044182  36.38738267  136.40046130 102
111  36.38743726  136.40055787 102
111  36.39310852  136.41074658 102
112  36.39313873  136.41087419  36.39312363  136.41091923 102
111  36.39309946  136.41102057 102
111  36.39278222  136.41130206 102
112  36.39262813  136.41131707  36.39258885  136.41136211 102
112  36.39256166  136.41165862  36.39258281  136.41170741 102
112  36.39280034  136.41172618  36.39286379  136.41167739 102
111  36.39291818  136.41149348 102
111  36.39321427  136.41125327 102
111  36.39340461  136.41129080 102
111  36.39521792  136.41456688 102
112  36.39526494  136.41479125  36.39525323  136.41490943 102
111  36.39516564  136.41499651 102
111  36.39421258  136.41583079 102
112  36.39406206  136.41587018  36.39400722  136.41585201 102
111  36.39393776  136.41581114 102
111  36.39302747  136.41589743 102
111  36.39226376  136.41462598 102
112  36.39223280  136.41451058  36.39223280  136.41444463 102
111  36.39225934  136.41434572 102
111  36.39264418  136.41334561 102
111  36.39273708  136.41326318 102
111  36.39299710  136.41324469 102
111  36.39297595  136.41291149 102
111  36.39243628  136.41296095 102
111  36.39244858  136.41327216 102
111  36.39205586  136.41438419 102
111  36.39173294  136.41373576 102
111  36.39130386  136.41358740 102
111  36.39117115  136.41408196 102
111  36.39164005  136.41422483 102
112  36.39174993  136.41427429  36.39178300  136.41430263 102
111  36.39182583  136.41438419 102
111  36.39208085  136.41485880 102
111  36.39176057  136.41511790 102
111  36.39225298  136.41600015 102
111  36.39215792  136.41607636 102
112  36.39209447  136.41618521  36.39208631  136.41622668 102
111  36.39210051  136.41632032 102
111  36.39255410  136.41715264 102
111  36.39269936  136.41702786 102
112  36.39275324  136.41701239  36.39277923  136.41702018 102
111  36.39278352  136.41703913 102
111  36.39330014  136.41797444 102
111  36.39319888  136.41807079 102
111  36.39481299  136.42103621 102
111  36.39413092  136.42165765 102
111  36.39457780  136.42247828 102
111  36.39535776  136.42179794 102
111  36.39630034  136.42354077 102
111  36.39745290  136.42258197 102
111  36.39695421  136.42170580 102
111  36.39705395  136.42113939 102
111  36.39773787  136.42052873 102
111  36.39701833  136.41928085 102
112  36.39692713  136.41905020  36.39691440  136.41894378 102
111  36.39700642  136.41886965 102
111  36.39728136  136.41863693 102
112  36.39740099  136.41858586  36.39747070  136.41859298 102
111  36.39750191  136.41866696 102
111  36.39855506  136.42051200 102
112  36.39866141  136.42069325  36.39870470  136.42074590 102
111  36.39878521  136.42079127 102
111  36.39939434  136.42115644 102
112  36.39952176  136.42121219  36.39959415  136.42122718 102
111  36.39966278  136.42117518 102
111  36.40005338  136.42084085 102
112  36.40015574  136.42081360  36.40019864  136.42085118 102
111  36.40018133  136.42091351 102
111  36.39981941  136.42246227 102
112  36.39969020  136.42270402  36.39962019  136.42277860 102
111  36.39944115  136.42285734 102
111  36.39904234  136.42298533 102
112  36.39873374  136.42310795  36.39865593  136.42317947 102
113  36.39863688  136.42325784 102
111  36.39559605  136.41525355 102
111  36.39590945  136.41582855 102
112  36.39592742  136.41596942  36.39590972  136.41604086 102
111  36.39586737  136.41607619 102
111  36.39560670  136.41629616 102
112  36.39547176  136.41633166  36.39540293  136.41632116 102
111  36.39536160  136.41624271 102
111  36.39507850  136.41575363 102
112  36.39503541  136.41556915  36.39504215  136.41546676 102
111  36.39509697  136.41541243 102
111  36.39536397  136.41519000 102
114  36.39548254  136.41516024  36.39554677  136.41517562 102
111  36.39624122  136.41639546 102
111  36.39715882  136.41800321 102
112  36.39723013  136.41821081  36.39722776  136.41830511 102
111  36.39715882  136.41837108 102
111  36.39684873  136.41862761 102
112  36.39675303  136.41866175  36.39667991  136.41866629 102
111  36.39663970  136.41859362 102
111  36.39568188  136.41684509 102
112  36.39563543  136.41670859  36.39564268  136.41662589 102
111  36.39568584  136.41659313 102
111  36.39602187  136.41631825 102
114  36.39613751  136.41629791  36.39618776  136.41631243 102
112  36.38473046  136.39603939  36.38462308  136.39614148
111  36.38450928  136.39601941
111  36.38417149  136.39572470
112  36.38407291  136.39560522  36.38403836  136.39556296
111  36.38399455  136.39546996
111  36.38335112  136.39408134
112  36.38337266  136.39362246  36.38350129  136.39351047
111  36.38361384  136.39369916
113  36.38477400  136.39578270
111  36.38554371  136.39714040
111  36.38613858  136.39822229
112  36.38611929  136.39835385  36.38605812  136.39840959
111  36.38601157  136.39833041
111  36.38541990  136.39725352
114  36.38541921  136.39709634  36.38548283  136.39703384
111  36.38229878  136.39405762
111  36.38275962  136.39384435
111  36.38292442  136.39380682
112  36.38309405  136.39395015  36.38313057  136.39412829
111  36.38296837  136.39422986
113  36.38241080  136.39465632
111  36.38317262  136.39507498
111  36.38335599  136.39493613
112  36.38344378  136.39492630  36.38348123  136.39494181
111  36.38350331  136.39498265
111  36.38363316  136.39527109
112  36.38364642  136.39536728  36.38364239  136.39542198
111  36.38362067  136.39544167
113  36.38344339  136.39559055
111  36.38393808  136.39623636
111  36.38406740  136.39612614
112  36.38415259  136.39609844  36.38421327  136.39610268
111  36.38423630  136.39613613
111  36.38448965  136.39638088
112  36.38459093  136.39654302  36.38462531  136.39663590
111  36.38463040  136.39679547
111  36.38458616  136.39704022
112  36.38452562  136.39711515  36.38446932  136.39714012
111  36.38442933  136.39709517
113  36.38406338  136.39645351
112  36.38463534  136.39808459  36.38459094  136.39808025
112  36.38457435  136.39794024  36.38457418  136.39788449
111  36.38460245  136.39778490
111  36.38485171  136.39723173
112  36.38499725  136.39715995  36.38508044  136.39716874
111  36.38510097  136.39722760
111  36.38525117  136.39744120
112  36.38526066  136.39753699  36.38524470  136.39759049
111  36.38522061  136.39761564
113  36.38475533  136.39802020
111  36.38545547  136.39839911
111  36.38561094  136.39827415
112  36.38567990  136.39825211  36.38571806  136.39826037
111  36.38573781  136.39829334
111  36.38580505  136.39841603
112  36.38582531  136.39849685  36.38582238  136.39853706
111  36.38578689  136.39858239
111  36.38525208  136.39902984
112  36.38516799  136.39906470  36.38512835  136.39906392
111  36.38509682  136.39901379
111  36.38503326  136.39889819
112  36.38500961  136.39880449  36.38501343  136.39874872
113  36.38504461  136.39872337
110 1 0.25 55.4000 New Taxiway 1
111  36.38756275  136.39510371 102
112  36.38755734  136.39486491  36.38757656  136.39478707 102
111  36.38763943  136.39472137 102
111  36.38847448  136.39400426 102
112  36.38875251  136.39394588  36.38890522  136.39398179 102
111  36.38900092  136.39414958 102
111  36.39180795  136.39911043 102
112  36.39184105  136.39947193  36.39179177  136.39968610 102
111  36.39170907  136.39974506 102
111  36.39083014  136.40048205 102
112  36.39065710  136.40049229  36.39056299  136.40046068 102
111  36.39047033  136.40034557 102
111  36.39107907  136.40142268 102
112  36.39105271  136.40108826  36.39106998  136.40099550 102
111  36.39118542  136.40088184 102
111  36.39188667  136.40025843 102
112  36.39222899  136.40016760  36.39242513  136.40021069 102
111  36.39249819  136.40037402 102
111  36.39392230  136.40294894 102
112  36.39396974  136.40327721  36.39394046  136.40346773 102
111  36.39382941  136.40355891 102
111  36.39299295  136.40430765 102
112  36.39280629  136.40433317  36.39270036  136.40429860 102
111  36.39260293  136.40417799 102
111  36.39318260  136.40522234 102
112  36.39315166  136.40490911  36.39316301  136.40479046 102
111  36.39321689  136.40471672 102
111  36.39398098  136.40405584 102
112  36.39435902  136.40397044  36.39454522  136.40400963 102
111  36.39465778  136.40425916 102
111  36.39802830  136.41030677 102
112  36.39806904  136.41061336  36.39804657  136.41078424 102
111  36.39798749  136.41083868 102
111  36.39777616  136.41102118 102
112  36.39753865  136.41106558  36.39742293  136.41102880 102
111  36.39732290  136.41090453 102
111  36.39716513  136.41160507 102
111  36.39701645  136.41173088 102
112  36.39687090  136.41174726  36.39680488  136.41171579 102
111  36.39674329  136.41163112 102
111  36.39724193  136.41253269 102
112  36.39721028  136.41229905  36.39721542  136.41221556 102
111  36.39727405  136.41215376 102
111  36.39740874  136.41204057 102
111  36.39801125  136.41215058 102
112  36.39815032  136.41140786  36.39842488  136.41118252 102
111  36.39866617  136.41148178 102
111  36.40205356  136.41743946 102
112  36.40209040  136.41789905  36.40205517  136.41811417 102
111  36.40193255  136.41822885 102
111  36.40115992  136.41888276 102
112  36.40094350  136.41893571  36.40081975  136.41890662 102
111  36.40073052  136.41882838 102
111  36.40111986  136.41951558 102
111  36.40213982  136.41864510 102
111  36.40225455  136.41876126 102
111  36.40235455  136.41867747 102
111  36.40249420  136.41767855 102
111  36.40259430  136.41770049 102
111  36.40307709  136.41862947 102
111  36.40350100  136.41890012 102
111  36.40340091  136.41913419 102
111  36.40360109  136.41927318 102
111  36.40435472  136.41863679 102
111  36.40415454  136.41823447 102
111  36.40403678  136.41819058 102
111  36.40398968  136.41769318 102
111  36.40355399  136.41764929 102
111  36.40325372  136.41715188 102
111  36.40346567  136.41699095 102
111  36.40406520  136.41679382 102
111  36.40416455  136.41646502 102
111  36.40146529  136.41163458 102
111  36.40126111  136.41180282 102
111  36.40108165  136.41182346 102
111  36.40082069  136.41134371 102
111  36.40054236  136.41156315 102
111  36.40052095  136.41172939 102
111  36.39970609  136.41241256 102
111  36.38930561  136.39373249 102
112  36.38890476  136.39330301  36.38863550  136.39318934 102
111  36.38845059  136.39338327 102
113  36.38719100  136.39443186 102
110 1 0.00 0.0000 New Taxiway 13
111  36.39977572  136.41837745
111  36.39985615  136.42013060
111  36.40021736  136.41984225
113  36.40019035  136.41916408
110 2 0.60 55.4000 New Taxiway 32
111  36.38896914  136.39403112
111  36.38761249  136.39518734
111  36.38965997  136.39882997
113  36.39102090  136.39765554
110 1 0.60 55.4000 Unuse Runway
111  36.38616276  136.39075521
111  36.38573082  136.39109363
111  36.40310251  136.42235050
113  36.40352194  136.42198191
120 Linear Feature 8
111  36.40009842  136.41970620 51
115  36.39995493  136.41956845
120 Linear Feature 7
111  36.40009407  136.41957385 51
115  36.39995928  136.41971700
120 Linear Feature 6
111  36.40007016  136.41928485 51
115  36.39993754  136.41914440
120 Linear Feature 5
111  36.40006798  136.41914440 51
115  36.39993537  136.41929565
120 Linear Feature 46
111  36.38275376  136.39379534 20
115  36.38250648  136.39255944
120 Linear Feature 45
111  36.38283645  136.39441836 20
115  36.38315012  136.39500277
120 Linear Feature 44
111  36.38422675  136.39709969 20
115  36.38391710  136.39773905
120 Linear Feature 43
111  36.38342442  136.39562864 20
111  36.38357394  136.39594039 20
115  36.38375595  136.39630360
120 Linear Feature 37
111  36.38617609  136.39486785 4
115  36.38650574  136.39546623
120 Linear Feature 36
111  36.39183893  136.39998403 51 101
112  36.39206357  136.39954762  36.39210133  136.39929245 51 101
115  36.39198082  136.39901889
120 Linear Feature 35
111  36.39094637  136.40071894 51 101
112  36.39052869  136.40078021  36.39030500  136.40072123 51 101
115  36.39020228  136.40051733
120 Linear Feature 34
111  36.39264406  136.40020496 51 101
112  36.39225214  136.39991381  36.39199416  136.39986200 51 101
111  36.39183583  136.39998591 51 101
111  36.39094408  136.40072334 51 101
112  36.39075502  136.40107382  36.39070809  136.40131209 51 101
115  36.39081271  136.40161188
120 Linear Feature 33
111  36.39405743  136.40367461 51 101
112  36.39421973  136.40335511  36.39426067  136.40313863 51 101
115  36.39415333  136.40291305
120 Linear Feature 32
111  36.39303600  136.40456015 51 101
112  36.39266617  136.40466752  36.39250573  136.40463141 51 101
115  36.39235137  136.40438262
120 Linear Feature 31
111  36.39291913  136.40541926 51 101
112  36.39283968  136.40492296  36.39286011  136.40470301 51 101
111  36.39303263  136.40456201 51 101
111  36.39405635  136.40367614 51 101
112  36.39435288  136.40359902  36.39453007  136.40361794 51 101
115  36.39467862  136.40385711
120 Linear Feature 30
111  36.39816129  136.41105608 51 101
112  36.39831818  136.41068214  36.39834906  136.41042146 51 101
115  36.39824268  136.41023405
120 Linear Feature 29
111  36.39715165  136.41192402 51 101
112  36.39677144  136.41202255  36.39660151  136.41198377 51 101
115  36.39646249  136.41178754
120 Linear Feature 28
111  36.39697841  136.41271309 51 101
112  36.39696898  136.41222693  36.39700643  136.41206873 51 101
111  36.39714820  136.41192826 51 101
111  36.39815823  136.41106296 51 101
112  36.39848958  136.41101738  36.39871483  136.41107791 51 101
115  36.39882676  136.41128338
120 Linear Feature 21
111  36.38720893  136.39446803 51
111  36.38847292  136.39341350 51
112  36.38886885  136.39332648  36.38908995  136.39338312 51
111  36.38928030  136.39375669 51
115  36.39967846  136.41243248
120 Linear Feature 27
111  36.40056381  136.41916529 51 101
112  36.40084397  136.41927790  36.40103349  136.41927790 51 101
111  36.40125048  136.41909022 51 101
111  36.40204777  136.41840841 51 101
112  36.40226561  136.41794758  36.40233642  136.41763223 51 101
111  36.40220497  136.41733461 51 101
111  36.38913017  136.39391317 51 101
112  36.38880698  136.39362979  36.38859027  136.39357990 51 101
111  36.38840786  136.39375700 51 101
111  36.38751682  136.39449235 51 101
112  36.38739195  136.39462392  36.38735106  136.39469622 51 101
116  36.38731304  136.39484923  36.38729419  136.39497319
120 Linear Feature 19
111  36.39017526  136.39618347 5
115  36.39049029  136.39591806
120 Linear Feature 10
111  36.39203993  136.41493296 20
115  36.39254983  136.41584403
120 Linear Feature 9
111  36.38555706  136.39863320 20
115  36.38509842  136.39777041
120 Linear Feature 8
111  36.38489153  136.39795364 20
115  36.38655566  136.40095753
120 Linear Feature 7
111  36.38679409  136.40072181 20
115  36.38565061  136.39867893
120 Linear Feature 26
111  36.40108885  136.41947827 51
111  36.40234955  136.41836814 51
111  36.40244548  136.41765409 51
115  36.40286147  136.41730915
120 Linear Feature 25
111  36.39720737  136.41246556 51
112  36.39718673  136.41229076  36.39719410  136.41217863 51
111  36.39726058  136.41212748 51
111  36.39813412  136.41136519 51
112  36.39843392  136.41126410  36.39860564  136.41129500 51
111  36.39870173  136.41144733 51
111  36.40207707  136.41741973 51
112  36.40213230  136.41786655  36.40209921  136.41810018 51
111  36.40196406  136.41824604 51
111  36.40117770  136.41890859 51
112  36.40097147  136.41897300  36.40086985  136.41896432 51
115  36.40079550  136.41891272
120 Linear Feature 24
111  36.39312738  136.40513333 51
112  36.39311556  136.40488817  36.39312514  136.40477546 51
111  36.39320057  136.40469205 51
111  36.39398930  136.40399950 51
112  36.39432820  136.40391859  36.39454416  136.40393923 51
111  36.39468804  136.40421955 51
111  36.39805054  136.41028528 51
112  36.39811535  136.41059807  36.39810092  136.41076898 51
111  36.39800975  136.41087401 51
111  36.39702325  136.41175883 51
112  36.39692050  136.41179517  36.39685702  136.41179055 51
115  36.39680957  136.41174720
120 Linear Feature 23
111  36.39102988  136.40133020 51
112  36.39101832  136.40109022  36.39103470  136.40096877 51
111  36.39115889  136.40086898 51
111  36.39191417  136.40019234 51
112  36.39222947  136.40012535  36.39243679  136.40014735 51
111  36.39252227  136.40034329 51
111  36.39396017  136.40292303 51
112  36.39401175  136.40326475  36.39398930  136.40348602 51
111  36.39385603  136.40358915 51
111  36.39300677  136.40433051 51
112  36.39283202  136.40436642  36.39272122  136.40434676 51
115  36.39264830  136.40426139
120 Linear Feature 22
111  36.38751668  136.39500748 51
112  36.38753568  136.39483175  36.38756516  136.39472912 51
111  36.38763296  136.39469115 51
111  36.38850781  136.39394546 51
112  36.38874665  136.39390047  36.38888642  136.39392337 51
111  36.38897126  136.39403031 51
111  36.39183337  136.39909348 51
112  36.39188128  136.39944514  36.39185234  136.39968234 51
111  36.39175305  136.39974574 51
111  36.39084357  136.40051371 51
112  36.39069659  136.40054100  36.39060646  136.40053377 51
115  36.39053304  136.40045250
120 Linear Feature 18
111  36.38771565  136.39461247 4
115  36.38749924  136.39422449
120 Linear Feature 6
111  36.39711356  136.42258924 20
115  36.39416459  136.41731224
120 Linear Feature 17
111  36.39119011  136.40084243 4
115  36.39095643  136.40041662
120 Linear Feature 16
111  36.39329074  136.40461204 4
115  36.39309122  136.40425515
120 Linear Feature 15
111  36.39741572  136.41199032 4
115  36.39719539  136.41160479
120 Linear Feature 14
111  36.40142486  136.41918405 4
115  36.40123941  136.41885826
120 Linear Feature 31
111  36.40293786  136.42171827 20
115  36.40288670  136.42113707
120 Linear Feature 30
111  36.40310599  136.42160021 20
115  36.40268202  136.42129145
120 Linear Feature 29
111  36.40200953  136.42000192 20
115  36.40193643  136.41943889
120 Linear Feature 28
111  36.40216304  136.41991111 20
115  36.40176100  136.41959327
120 Linear Feature 27
111  36.40107524  136.41833452 20
115  36.40096559  136.41768977
120 Linear Feature 26
111  36.40124336  136.41819831 20
115  36.40081209  136.41786231
120 Linear Feature 25
111  36.39956097  136.41561666 20
115  36.39944906  136.41495068
120 Linear Feature 24
111  36.39973209  136.41546710 20
115  36.39929870  136.41512648
120 Linear Feature 23
111  36.39801527  136.41280437 20
115  36.39790270  136.41221504
120 Linear Feature 22
111  36.39815197  136.41268450 20
115  36.39773385  136.41234489
120 Linear Feature 21
111  36.39701920  136.41106880 20
115  36.39692858  136.41046092
120 Linear Feature 20
111  36.39718231  136.41093372 20
115  36.39677151  136.41060351
120 Linear Feature 19
111  36.39622054  136.40961610 20
115  36.39613597  136.40901573
120 Linear Feature 18
111  36.39637761  136.40949603 20
115  36.39597286  136.40916582
120 Linear Feature 17
111  36.39469533  136.40687426 20
115  36.39457837  136.40622047
120 Linear Feature 16
111  36.39483421  136.40674713 20
115  36.39441756  136.40640208
120 Linear Feature 15
111  36.39389033  136.40542168 20
115  36.39379367  136.40485885
120 Linear Feature 14
111  36.39405948  136.40528660 20
115  36.39364265  136.40498643
120 Linear Feature 13
111  36.39307478  136.40355309 20
115  36.39265191  136.40320789
120 Linear Feature 12
111  36.39290563  136.40369567 20
115  36.39281502  136.40308031
120 Linear Feature 11
111  36.39179219  136.40164509 20
115  36.39168235  136.40105157
120 Linear Feature 10
111  36.39195145  136.40152229 20
115  36.39152309  136.40118801
120 Linear Feature 9
111  36.39080326  136.39988174 20
115  36.39071869  136.39929642
120 Linear Feature 8
111  36.39096637  136.39976918 20
115  36.39056162  136.39943149
120 Linear Feature 7
111  36.38734026  136.39365019 20
115  36.38725789  136.39305670
120 Linear Feature 6
111  36.38747756  136.39352740 20
115  36.38707665  136.39320678
120 Linear Feature 4
111  36.38638467  136.39191748 20
115  36.38629131  136.39135128
120 Linear Feature 3
111  36.38655382  136.39181924 22
115  36.38614303  136.39147407
120 Linear Feature 40
111  36.38306406  136.39320651 51
112  36.38317102  136.39339573  36.38322457  136.39343073 51
115  36.38337124  136.39342850
120 Linear Feature 39
111  36.38249069  136.39372508 51
111  36.38313606  136.39350455 51
115  36.38337279  136.39342754
120 Linear Feature 38
111  36.38240896  136.39330502 51
115  36.38303742  136.39310199
120 Linear Feature 37
111  36.38234510  136.39283664 51
111  36.38281630  136.39269032 51
112  36.38292846  136.39272544  36.38295946  136.39276009 51
111  36.38298371  136.39285975 51
111  36.38312321  136.39347199 51
115  36.38322861  136.39389170
120 Linear Feature 45
111  36.40037201  136.41305793 51
112  36.40025164  136.41333085  36.40014177  136.41342781 51
115  36.40003069  136.41343920
120 Linear Feature 44
111  36.39997170  136.41332769 51
112  36.40012087  136.41311439  36.40020365  136.41304427 51
111  36.40037034  136.41305923 51
115  36.40079684  136.41269850
120 Linear Feature 43
111  36.38569869  136.40038570 51
112  36.38584082  136.40050119  36.38590732  136.40051274 51
111  36.38597164  136.40046105 51
111  36.38654765  136.39995651 51
112  36.38666904  136.39991425  36.38674659  136.39992393 51
115  36.38678798  136.39998811
120 Linear Feature 42
111  36.38526359  136.39961543 51
112  36.38543125  136.39975746  36.38551120  136.39977674 51
111  36.38560358  136.39969395 51
111  36.38615498  136.39919541 51
112  36.38627994  136.39915594  36.38634064  136.39916133 51
115  36.38640829  136.39925166
120 Linear Feature 41
111  36.38457037  136.39837614 51
112  36.38470258  136.39847272  36.38477363  136.39847245 51
111  36.38484024  136.39841356 51
111  36.38544835  136.39790219 51
112  36.38557338  136.39784038  36.38563715  136.39784380 51
115  36.38569147  136.39791637
120 Linear Feature 36
111  36.38344539  136.39630572 51
115  36.38408272  136.39582443
120 Linear Feature 35
111  36.38328619  136.39590414 51
115  36.38387778  136.39545283
120 Linear Feature 34
111  36.38289559  136.39506515 51
115  36.38347371  136.39459995
120 Linear Feature 33
111  36.38271804  136.39468709 51
115  36.38329295  136.39422152
120 Linear Feature 49
111  36.40227136  136.41518056 51
115  36.40176519  136.41562075
120 Linear Feature 48
111  36.40185221  136.41465808 51
115  36.40143884  136.41501360
120 Linear Feature 57
111  36.40176524  136.41562071 51
112  36.40152606  136.41566693  36.40143830  136.41573847 51
115  36.40138535  136.41587248
120 Linear Feature 4
111  36.40223060  136.41740361
115  36.40258073  136.41709803
120 Linear Feature 3
111  36.40211775  136.41716633 51
115  36.40245630  136.41688232
120 Linear Feature 2
111  36.40209621  136.41623149 51
112  36.40186498  136.41629042  36.40177801  136.41637636 51
115  36.40173849  136.41649177
120 Linear Feature 1
111  36.40260152  136.41580620 51
111  36.40209570  136.41623253 51
112  36.40199205  136.41648903  36.40189404  136.41657289 51
115  36.40178331  136.41657538
120 Linear Feature 56
111  36.40176524  136.41562275 51
112  36.40165123  136.41587926  36.40155020  136.41596992 51
115  36.40144341  136.41596733
120 Linear Feature 55
111  36.40143504  136.41501000 51
112  36.40121195  136.41506761  36.40113889  136.41512784 51
115  36.40105900  136.41527726
120 Linear Feature 54
111  36.40143743  136.41501297 51
112  36.40133072  136.41526806  36.40123924  136.41534315 51
115  36.40111321  136.41537215
120 Linear Feature 53
111  36.40108345  136.41435230 51
112  36.40086726  136.41441629  36.40078687  136.41448279 51
115  36.40070266  136.41463752
120 Linear Feature 52
111  36.40108562  136.41435180 51
112  36.40097745  136.41460320  36.40090182  136.41467656 51
115  36.40074509  136.41471600
120 Linear Feature 51
111  36.40069353  136.41360788 51
112  36.40045700  136.41366286  36.40038667  136.41371979 51
115  36.40028471  136.41388871
120 Linear Feature 50
111  36.40069195  136.41361328 51
112  36.40057687  136.41387527  36.40048185  136.41395921 51
115  36.40033880  136.41398509
120 Linear Feature 47
111  36.40149586  136.41400565 51
115  36.40108341  136.41435126
120 Linear Feature 46
111  36.40110200  136.41327399 51
115  36.40069152  136.41361175
120 Linear Feature 62
111  36.39391642  136.41629163 51
112  36.39388362  136.41639437  36.39388444  136.41644599 51
115  36.39392679  136.41649293
120 Linear Feature 61
111  36.39479005  136.41574734 51
111  36.39742350  136.42048231 51
111  36.39655183  136.42124124 51
113  36.39388434  136.41652927 51
120 Linear Feature 58
111  36.39655473  136.41866462 51
112  36.39670104  136.41879317  36.39677608  136.41882072 51
111  36.39688900  136.41877815 51
112  36.39681416  136.41897272  36.39680393  136.41905959 51
115  36.39684953  136.41920603
120 Linear Feature 60
111  36.39525175  136.41510094 51
112  36.39547147  136.41500919  36.39559564  136.41501497 51
115  36.39569292  136.41513616
120 Linear Feature 82
111  36.38608991  136.39863748 51
111  36.38690353  136.40021501 51
112  36.38696839  136.40027345  36.38700905  136.40027924 51
115  36.38706979  136.40023895
120 Linear Feature 81
111  36.38712289  136.40019121 51
112  36.38719401  136.40001759  36.38719924  136.39993847 51
115  36.38715701  136.39980397
120 Linear Feature 80
111  36.38632654  136.39869166 51
112  36.38639520  136.39855665  36.38640082  136.39849348 51
115  36.38636893  136.39838934
120 Linear Feature 79
111  36.38555454  136.39603849 51
112  36.38528098  136.39628708  36.38519789  136.39639441 51
111  36.38483998  136.39685672 51
112  36.38476541  136.39701628  36.38474932  136.39705125 51
111  36.38440738  136.39781949 51
112  36.38440680  136.39806154  36.38443918  136.39819025 51
111  36.38596389  136.40084198 51
112  36.38616712  136.40093442  36.38625546  136.40096577 51
111  36.38634381  136.40088739 51
111  36.38686126  136.40041712 51
111  36.38712844  136.40018753 51
112  36.38725416  136.40016942  36.38732395  136.40017987 51
115  36.38740450  136.40025144
120 Linear Feature 78
111  36.38555064  136.39604037 51
112  36.38530284  136.39613715  36.38518198  136.39613340 51
115  36.38502465  136.39597337
120 Linear Feature 77
111  36.38520365  136.39628016 51
111  36.38489457  136.39575588 51
111  36.38370921  136.39362833 51
112  36.38356421  136.39347987  36.38347969  136.39343574 51
112  36.38332312  136.39345134  36.38323276  136.39350619 51
111  36.38321299  136.39366050 51
112  36.38324591  136.39407701  36.38325933  136.39415653 51
111  36.38331778  136.39427049 51
111  36.38398293  136.39568404 51
112  36.38412067  136.39585769  36.38422504  136.39592141 51
111  36.38465090  136.39628698 51
112  36.38491110  136.39656282  36.38501328  136.39669579 51
111  36.38532085  136.39725213 51
111  36.38608927  136.39863640 51
112  36.38619813  136.39871961  36.38627576  136.39873113 51
111  36.38634620  136.39867915 51
112  36.38643452  136.39865642  36.38647795  136.39865984 51
115  36.38655904  136.39873465
120 Linear Feature 76
111  36.38697782  136.39515822 51
112  36.38681857  136.39510328  36.38674607  136.39508908 51
112  36.38659093  136.39515613  36.38658285  136.39516332 51
111  36.38646469  136.39526262 51
111  36.38555139  136.39604028 51
112  36.38538279  136.39632418  36.38535532  136.39649136 51
115  36.38543024  136.39670101
120 Linear Feature 75
111  36.38704863  136.39882436 51
112  36.38679392  136.39889509  36.38666620  136.39886779 51
115  36.38655862  136.39873441
120 Linear Feature 74
111  36.38850429  136.39792195 51
112  36.38828936  136.39786056  36.38818322  136.39787069 51
112  36.38805355  136.39795205  36.38803641  136.39796440 51
111  36.38704800  136.39882443 51
112  36.38691986  136.39908375  36.38689621  136.39922526 51
115  36.38695864  136.39945060
120 Linear Feature 73
111  36.38852293  136.40171855 51
112  36.38834988  136.40177985  36.38827236  136.40176759 51
115  36.38819065  136.40166165
120 Linear Feature 72
111  36.38981793  136.40028928 51
112  36.38982636  136.40050009  36.38979891  136.40059947 51
115  36.38971783  136.40071283
120 Linear Feature 71
111  36.39003519  136.40068718 51
112  36.38990830  136.40063839  36.38982672  136.40063088 51
111  36.38971493  136.40071345 51
111  36.38852378  136.40171739 51
112  36.38842748  136.40190308  36.38841297  136.40203065 51
115  36.38848018  136.40217677
120 Linear Feature 70
111  36.38949972  136.40072337 4
115  36.38962766  136.40094895
120 Linear Feature 69
111  36.39290386  136.41307224 51
111  36.39270909  136.41309085 51
112  36.39261472  136.41315102  36.39257540  136.41319587 51
111  36.39253930  136.41331418 51
111  36.39218007  136.41434207 51
112  36.39214589  136.41453430  36.39214266  136.41459586 51
115  36.39216737  136.41471784
120 Linear Feature 68
111  36.39420566  136.41603567 51
111  36.39302309  136.41602392 51
112  36.39292205  136.41600278  36.39288712  136.41598102 51
111  36.39283420  136.41590225 51
111  36.39189484  136.41423759 51
112  36.39178744  136.41411608  36.39174034  136.41408682 51
115  36.39135026  136.41398275
120 Linear Feature 67
111  36.39730940  136.41803995 51
112  36.39745966  136.41815906  36.39754172  136.41817963 51
111  36.39765410  136.41812764 51
112  36.39756945  136.41831999  36.39755949  136.41842042 51
111  36.39760158  136.41856055 51
112  36.39743509  136.41844328  36.39733409  136.41842980 51
111  36.39724073  136.41848038 51
114  36.39733984  136.41829250  36.39735860  136.41819462 51
120 Linear Feature 66
111  36.39563986  136.41645277 51
112  36.39552856  136.41664232  36.39550287  136.41673717 51
115  36.39555469  136.41686730
120 Linear Feature 65
111  36.39596565  136.41617890 51
112  36.39613920  136.41612169  36.39623647  136.41613069 51
115  36.39629364  136.41621502
120 Linear Feature 64
111  36.39604569  136.41576685 51
112  36.39606863  136.41600250  36.39604270  136.41610954 51
111  36.39596230  136.41618098 51
111  36.39564258  136.41645302 51
112  36.39546107  136.41650073  36.39537066  136.41648649 51
115  36.39527828  136.41636986
120 Linear Feature 63
111  36.39711904  136.41969798 51
111  36.39493786  136.41575191 51
112  36.39488875  136.41555039  36.39490166  136.41542767 51
115  36.39499706  136.41532872
120 Linear Feature 59
111  36.39536693  136.41454993 51
112  36.39539484  136.41485868  36.39536031  136.41500442 51
111  36.39525146  136.41510095 51
115  36.39391636  136.41629188
120 Linear Feature 57
111  36.39711758  136.41970144 51
111  36.39744644  136.42029751 51
112  36.39749518  136.42047823  36.39748743  136.42056875 51
111  36.39742168  136.42062310 51
111  36.39670649  136.42123889 51
112  36.39664255  136.42126323  36.39661118  136.42125738 51
111  36.39658751  136.42120834 51
111  36.39630607  136.42069661 51
112  36.39628731  136.42061375  36.39629549  136.42056921 51
111  36.39632659  136.42054753 51
111  36.39708510  136.41989359 51
114  36.39712728  136.41980741  36.39713704  136.41974756 51
120 Linear Feature 56
111  36.39944229  136.41715881 51
112  36.39914813  136.41703238  36.39899820  136.41703318 51
115  36.39884052  136.41712158
120 Linear Feature 55
111  36.39903284  136.41641547 51
112  36.39903838  136.41679873  36.39899839  136.41697409 51
111  36.39883808  136.41711965 51
115  36.39688822  136.41878019
120 Linear Feature 54
111  36.39865749  136.41710016 4
115  36.39879207  136.41734244
120 Linear Feature 53
111  36.40050879  136.41962666 51
112  36.40042852  136.41986283  36.40037817  136.41994553 51
111  36.40035298  136.41997544 51
111  36.39939008  136.42079309 51
112  36.39926910  136.42084676  36.39920928  136.42084676 51
112  36.39889236  136.42073671  36.39878095  136.42067292 51
111  36.39870966  136.42055552 51
115  36.38519445  136.39628253
120 Linear Feature 52
111  36.39946623  136.42300386 51
112  36.39927243  136.42314917  36.39922249  136.42322362 51
111  36.39915508  136.42347180 51
111  36.39898778  136.42408292 51
112  36.39899269  136.42423985  36.39901655  136.42431929 51
115  36.39910264  136.42435624
120 Linear Feature 51
111  36.39953522  136.42423163 51
112  36.39952049  136.42439859  36.39954572  136.42448280 51
115  36.39961319  136.42452392
120 Linear Feature 50
111  36.40005766  136.42339360 51
112  36.40011349  136.42362459  36.40011349  136.42373379 51
111  36.40003933  136.42392829 51
111  36.39986450  136.42435495 51
112  36.39985085  136.42450993  36.39986733  136.42457136 51
115  36.39992946  136.42462783
120 Linear Feature 49
111  36.39987131  136.42270257 51
112  36.39992375  136.42308103  36.39996869  136.42323614 51
111  36.40005609  136.42339125 51
111  36.40026499  136.42379921 51
112  36.40033445  136.42399905  36.40034176  136.42408081 51
111  36.40031679  136.42420221 51
111  36.40020380  136.42447779 51
112  36.40009061  136.42461159  36.40000214  136.42465866 51
111  36.39992191  136.42462599 51
111  36.39877605  136.42424741 51
112  36.39864309  136.42412045  36.39860937  136.42400101 51
111  36.39866157  136.42384945 51
111  36.39873801  136.42351501 51
112  36.39887095  136.42323424  36.39893077  136.42317644 51
111  36.39907036  136.42313515 51
111  36.39960211  136.42295760 51
114  36.39977161  136.42286264  36.39982146  136.42282135 51
120 Linear Feature 48
111  36.40053882  136.41929196 51
112  36.40049025  136.41980379  36.40047014  136.41997865 51
111  36.40037077  136.42055655 51
111  36.39987298  136.42270420 51
112  36.39981117  136.42334604  36.39974253  136.42374227 51
115  36.39953557  136.42423153
21  36.39829813  136.41618600 2 235.4000 3.00 New Light Fixture 4
21  36.38978266  136.39852513 2 55.4000 3.00 New Light Fixture 3
14  36.38695970  136.40150936  82.02 0 New Tower Viewpoint 5
19  36.39279015  136.40816789 0 New Windsock 1
53 12170 GND
54 12620 TWR
54 11825 TWR
55 12795 TCA
55 12010 APP
55 12125 APP
56 12010 DEP
56 12125 DEP

1   2182 1 0 RJAF MATSUMOTO
100 46.00 1 1 0.25 1 3 0 18  36.17565800  137.92093600    0   65 3 5 0 1 36  36.15785800  137.92440300    0   65 3 0 0 1
110 2 0.25 171.0500 New Taxiway 55
111  36.16622937  137.92520015 20
111  36.16614176  137.92521429 20
111  36.16615481  137.92532703 20
113  36.16624227  137.92531106 20
110 2 0.25 171.0500 New Taxiway 54
111  36.16619691  137.92491902 20
111  36.16610692  137.92493352 20
111  36.16612056  137.92504829 20
113  36.16621084  137.92503176 20
110 2 0.25 171.0500 New Taxiway 53
111  36.16616118  137.92462925 20
111  36.16606512  137.92464706 20
111  36.16608143  137.92476183 20
113  36.16617467  137.92474383 20
110 2 0.25 171.0600 New Taxiway 52
111  36.16612400  137.92433970 20
111  36.16603089  137.92435847 20
111  36.16604481  137.92447477 20
113  36.16613893  137.92445614 20
110 1 0.00 0.0000 New Taxiway 42
111  36.16364916  137.92628582
111  36.16382875  137.92789657
111  36.16665875  137.92732130
113  36.16646059  137.92571822
110 2 0.25 171.0600 New Taxiway 41
111  36.16494015  137.92481490
111  36.16374817  137.92503572
111  36.16388100  137.92625236
111  36.16572315  137.92591897
111  36.16570917  137.92584537
113  36.16509745  137.92595361
110 1 0.25 171.0600 New Taxiway 40
111  36.16382186  137.92357962 102
112  36.16396812  137.92362912  36.16401144  137.92366774 102
111  36.16402065  137.92373678 102
111  36.16414265  137.92464178 102
112  36.16410947  137.92484218  36.16408410  137.92486838 102
111  36.16399950  137.92491553 102
111  36.16369074  137.92499411 102
111  36.16383878  137.92619905 102
111  36.16514150  137.92594759 102
111  36.16497952  137.92473631 102
111  36.16471689  137.92479546 102
112  36.16450962  137.92474307  36.16445367  137.92467914 102
111  36.16444124  137.92455619 102
111  36.16432404  137.92367170 102
112  36.16436311  137.92353190  36.16440636  137.92347335 102
113  36.16444992  137.92344856 102
110 1 0.25 171.0600 New Taxiway 38
111  36.16563758  137.92321905 102
111  36.16578929  137.92443887 102
111  36.16555482  137.92448934 102
111  36.16571223  137.92584253 102
111  36.16645089  137.92570519 102
111  36.16625601  137.92422803 102
111  36.16591835  137.92428455 102
113  36.16577916  137.92319153 102
120 Linear Feature 70
111  36.16385801  137.92604405 51
115  36.16507497  137.92579606
120 Linear Feature 69
111  36.16565987  137.92314452 51
111  36.16581917  137.92446571 51
115  36.16556362  137.92451832
120 Linear Feature 68
111  36.16574807  137.92312545 51
111  36.16589092  137.92432403 51
115  36.16625884  137.92426393
120 Linear Feature 67
111  36.16572976  137.92373438 4
115  36.16582061  137.92371781
120 Linear Feature 66
111  36.16586752  137.92447163 51
112  36.16584864  137.92455834  36.16582638  137.92459669 51
111  36.16578380  137.92460217 51
115  36.16567611  137.92462269
120 Linear Feature 65
111  36.16589039  137.92465428 51
112  36.16586913  137.92474412  36.16584546  137.92477580 51
111  36.16580315  137.92478271 51
115  36.16570122  137.92480169
120 Linear Feature 64
111  36.16590972  137.92480861 51
112  36.16588894  137.92489282  36.16586438  137.92493008 51
111  36.16582023  137.92493355 51
115  36.16572609  137.92495082
120 Linear Feature 63
111  36.16593350  137.92499101 51
112  36.16591173  137.92507517  36.16588660  137.92510698 51
111  36.16584929  137.92511121 51
115  36.16575356  137.92512713
120 Linear Feature 62
111  36.16595410  137.92516148 51
112  36.16593205  137.92524077  36.16590717  137.92527469 51
111  36.16587023  137.92527927 51
115  36.16576898  137.92529808
120 Linear Feature 61
111  36.16599275  137.92546739 51
112  36.16597047  137.92558654  36.16593908  137.92563546 51
115  36.16588137  137.92563671
120 Linear Feature 60
111  36.16599376  137.92546865 51
112  36.16603629  137.92556146  36.16607173  137.92559031 51
115  36.16613349  137.92557024
120 Linear Feature 59
111  36.16596044  137.92521905 51
112  36.16599273  137.92528161  36.16601840  137.92530358 51
111  36.16604968  137.92529488 51
115  36.16614858  137.92527321
120 Linear Feature 58
111  36.16592440  137.92493274 51
112  36.16595565  137.92499476  36.16597989  137.92501695 51
111  36.16600565  137.92501007 51
115  36.16611399  137.92499017
120 Linear Feature 57
111  36.16588934  137.92464129 51
112  36.16591955  137.92471231  36.16594262  137.92472907 51
111  36.16597879  137.92472258 51
115  36.16607269  137.92470334
120 Linear Feature 56
111  36.16584921  137.92432883 51
112  36.16588588  137.92442217  36.16591256  137.92444237 51
111  36.16595186  137.92443543 51
115  36.16603868  137.92441707
120 Linear Feature 51
111  36.16570282  137.92313779 51
112  36.16572365  137.92296782  36.16575550  137.92289346 51
115  36.16584739  137.92284489
120 Linear Feature 50
111  36.16551968  137.92290415 51
112  36.16563909  137.92297203  36.16568635  137.92302624 51
111  36.16570089  137.92313837 51
115  36.16599301  137.92546932
120 Linear Feature 49
111  36.16431213  137.92475405 51 101
112  36.16426477  137.92501311  36.16422531  137.92508154 51 101
111  36.16414441  137.92512798 51 101
111  36.16398656  137.92515975 51 101
112  36.16394118  137.92543593  36.16396289  137.92557524 51 101
111  36.16405760  137.92568033 51 101
115  36.16408127  137.92588563
120 Linear Feature 48
111  36.16430824  137.92475656 51 101
112  36.16441724  137.92498928  36.16448940  137.92506285 51 101
111  36.16460668  137.92505151 51 101
111  36.16475627  137.92502773 51 101
112  36.16487730  137.92525571  36.16489869  137.92540501 51 101
111  36.16483267  137.92552750 51 101
115  36.16485581  137.92573554
120 Linear Feature 47
111  36.16416334  137.92367464 51 101
112  36.16404452  137.92336742  36.16394085  137.92324264 51 101
115  36.16379419  137.92324609
120 Linear Feature 46
111  36.16444405  137.92312111 51 101
112  36.16421481  137.92335249  36.16415197  137.92351428 51 101
111  36.16416491  137.92368104 51 101
115  36.16445479  137.92583270
120 Linear Feature 45
111  36.16444693  137.92337811 51
112  36.16430289  137.92350919  36.16425683  137.92361930 51
111  36.16428609  137.92370071 51
111  36.16439731  137.92457100 51
112  36.16451515  137.92480541  36.16461184  137.92486762 51
111  36.16471767  137.92485207 51
115  36.16497938  137.92480074
120 Linear Feature 44
111  36.16383615  137.92349611 51
112  36.16399530  137.92355368  36.16406233  137.92361589 51
111  36.16407111  137.92371273 51
111  36.16419310  137.92463370 51
112  36.16415772  137.92486193  36.16410603  137.92494939 51
111  36.16403542  137.92498170 51
115  36.16374646  137.92504028
120 Linear Feature 43
111  36.16410887  137.92404859 4
115  36.16432049  137.92400553
21  36.17279557  137.92207214 2 171.0600 3.00 New Light Fixture 12
21  36.16168977  137.92306106 2 351.0600 3.00 New Light Fixture 11
14  36.16399243  137.92647294  82.02 0 New Tower Viewpoint 10
18  36.16594101  137.92742553 1 New Airport Beacon 13
19  36.17572371  137.92205411 0 New Windsock 8
19  36.16028512  137.92534027 0 New Windsock 7

1     95 1 0 RJNT TOYAMA
100 46.00 1 1 0.25 1 3 0 02  36.63966400  137.18478600    0   61 3 0 0 1 20  36.65718300  137.19003900    0   61 3 5 0 0
110 2 0.25 13.5300 New Taxiway 14
111  36.64575886  137.18789746
111  36.64300607  137.18711164
111  36.64272926  137.18855551
111  36.64473361  137.18912412
112  36.64518985  137.18903467  36.64548124  137.18888715
113  36.64559482  137.18868968
110 2 0.25 13.5300 New Taxiway 11
111  36.64157402  137.18675192
111  36.63894062  137.18596382
111  36.63865522  137.18732915
111  36.63995333  137.18773072
111  36.63988889  137.18876333
111  36.64101208  137.18876333
111  36.64092001  137.19036961
111  36.64530085  137.19025487
111  36.64541109  137.18967834
111  36.64131492  137.18848146
113  36.64127539  137.18819707
110 2 0.25 13.5300 New Taxiway 3
111  36.64363032  137.18636830 102
112  36.64373631  137.18686906  36.64367002  137.18720153 102
111  36.64335906  137.18715756 102
111  36.64298942  137.18703959 102
111  36.64296542  137.18717586 102
111  36.64163143  137.18677033 102
111  36.64144638  137.18770654 102
111  36.64276702  137.18811446 102
111  36.64274413  137.18824649 102
111  36.64147360  137.18787694 102
111  36.64137170  137.18772236 102
111  36.64127619  137.18819808 102
111  36.64269317  137.18858562 102
111  36.64288129  137.18863367 102
111  36.64375866  137.18890855 102
111  36.64471269  137.18918327 102
111  36.64491712  137.18918838 102
111  36.64523694  137.18908569 102
111  36.64545634  137.18891258 102
111  36.64561765  137.18874092 102
111  36.64578332  137.18789351 102
111  36.64566294  137.18785144 102
112  36.64541748  137.18730651  36.64551081  137.18696635 102
113  36.64567973  137.18698430 102
111  36.64442153  137.18662762 102
111  36.64494826  137.18678357 102
112  36.64502019  137.18723715  36.64493159  137.18754604 102
111  36.64468287  137.18755492 102
111  36.64434953  137.18745854 102
114  36.64416018  137.18696331  36.64421690  137.18666802 102
110 1 0.25 13.5300 New Taxiway 2
111  36.64087397  137.18475695
111  36.64052342  137.18426104
111  36.63979724  137.18403789
113  36.63972698  137.18441368
110 1 0.25 13.5300 New Taxiway 1
111  36.65615153  137.19012242
111  36.65637946  137.19043126
111  36.65708872  137.19064878
113  36.65713728  137.19041019
120 Linear Feature 13
111  36.64380691  137.18684634 4
115  36.64409627  137.18692502
120 Linear Feature 12
111  36.64511167  137.18722009 4
115  36.64535105  137.18729222
120 Linear Feature 15
111  36.64352146  137.18744028 51
112  36.64331234  137.18759463  36.64324235  137.18771885 51
111  36.64329666  137.18781659 51
115  36.64299912  137.18816269
120 Linear Feature 14
111  36.64483375  137.18782397 51 101
112  36.64500070  137.18778133  36.64507373  137.18774372 51 101
111  36.64514440  137.18764147 51 101
112  36.64519307  137.18782621  36.64523027  137.18790973 51 101
111  36.64529417  137.18796518 51 101
111  36.64540881  137.18811464 51 101
112  36.64546959  137.18829168  36.64557967  137.18834857 51 101
111  36.64563914  137.18818925 51 101
115  36.64566422  137.18807593
120 Linear Feature 13
111  36.64342758  137.18741273 51 101
112  36.64371621  137.18737242  36.64384345  137.18732379 51 101
111  36.64391843  137.18715820 51 101
112  36.64397249  137.18743853  36.64402621  137.18756511 51 101
115  36.64410934  137.18761585
120 Linear Feature 23
111  36.64585600  137.18689773 51
112  36.64535085  137.18728931  36.64521196  137.18782773 51
111  36.64570112  137.18794335 51
115  36.64559786  137.18849030
120 Linear Feature 22
111  36.64360759  137.18622678 51
112  36.64380661  137.18686925  36.64369972  137.18734994 51
111  36.64328802  137.18723760 51
111  36.64304737  137.18716547 51
111  36.64301693  137.18730352 51
111  36.64170701  137.18690132 51
111  36.64155794  137.18764007 51
111  36.64287480  137.18803377 51
115  36.64283038  137.18827764
120 Linear Feature 21
111  36.64487140  137.18661111 51
111  36.64456142  137.18652060 51
112  36.64411290  137.18686646  36.64398931  137.18730341 51
111  36.64428714  137.18751393 51
111  36.64461305  137.18763458 51
112  36.64510274  137.18725247  36.64522229  137.18675215 51
115  36.64487120  137.18661018
120 Linear Feature 20
111  36.64512457  137.18791249 51
112  36.64518868  137.18822531  36.64515157  137.18839468 51
111  36.64506045  137.18840941 51
115  36.64480800  137.18868660
120 Linear Feature 19
111  36.64475996  137.18780781 51
112  36.64479213  137.18809378  36.64474499  137.18828878 51
111  36.64466911  137.18827552 51
115  36.64443069  137.18858266
120 Linear Feature 18
111  36.64439887  137.18770619 51
112  36.64433275  137.18799086  36.64422844  137.18812088 51
111  36.64411636  137.18809074 51
115  36.64387192  137.18843035
120 Linear Feature 17
111  36.64384055  137.18753534 51
111  36.64369980  137.18823700 51
112  36.64350792  137.18827074  36.64336375  137.18822829 51
111  36.64336035  137.18806571 51
115  36.64320635  137.18801206
120 Linear Feature 16
111  36.64395671  137.18756950 51
112  36.64386240  137.18783402  36.64374935  137.18793230 51
111  36.64365981  137.18789412 51
115  36.64337567  137.18828231
120 Linear Feature 6
111  36.64441725  137.18620831 51 101
112  36.64421153  137.18625424  36.64412108  137.18632407 51 101
115  36.64407274  137.18641886
120 Linear Feature 10
111  36.64312577  137.18731945 51 101
112  36.64297146  137.18756269  36.64285148  137.18765755 51 101
111  36.64266030  137.18758836 51 101
115  36.64190027  137.18734439
120 Linear Feature 9
111  36.64566438  137.18807608 51 101
115  36.64312547  137.18732471
120 Linear Feature 8
111  36.64571109  137.18659539 51 101
112  36.64547504  137.18665974  36.64537251  137.18672724 51 101
115  36.64531583  137.18686327
120 Linear Feature 7
111  36.64511523  137.18641832 51 101
112  36.64527220  137.18661865  36.64532498  137.18676685 51 101
111  36.64531182  137.18686733 51 101
115  36.64514240  137.18764264
120 Linear Feature 5
111  36.64389164  137.18605250 51 101
112  36.64401966  137.18618928  36.64407382  137.18630363 51 101
111  36.64407175  137.18641901 51 101
115  36.64384015  137.18753778
21  36.64329768  137.18525389 2 13.5300 3.00 New Light Fixture 11
21  36.65394151  137.18970932 2 193.5300 3.00 New Light Fixture 10
18  36.64112174  137.18927588 1 New Airport Beacon 12
54 12620 TWR
54 12430 TWR

1    717 0 0 RJNW NOTO
100 45.00 1 1 0.25 1 3 0 07  37.28957500  136.95157500    0   60 3 7 0 1 25  37.29668300  136.97231700    0   60 3 5 1 1
110 1 0.25 66.7000 New Taxiway 18
112  37.29358069  136.96222033  37.29360875  136.96214231 102
111  37.29366347  136.96210657 102
111  37.29524110  136.96125674 102
112  37.29530905  136.96124585  37.29534200  136.96125560 102
111  37.29535761  136.96130209 102
111  37.29557198  136.96192888 102
111  37.29581833  136.96179557 102
111  37.29614518  136.96278999 102
111  37.29719924  136.96226012 102
111  37.29666713  136.96060500 102
111  37.29716111  136.96033554 102
111  37.29690014  136.95952715 102
111  37.29507871  136.96050285 102
111  37.29522483  136.96094436 102
112  37.29522611  136.96103317  37.29521438  136.96107578 102
111  37.29518139  136.96109231 102
111  37.29361276  136.96194739 102
112  37.29348306  136.96195586  37.29341890  136.96193286 102
111  37.29335543  136.96182294 102
113  37.29357236  136.96243957 102
110 1 0.25 66.7000 New Taxiway 17
112  37.29238354  136.95855765  37.29242482  136.95849538 102
111  37.29245784  136.95846425 102
111  37.29377688  136.95777320 102
112  37.29391396  136.95777778  37.29399245  136.95781456 102
111  37.29402228  136.95789811 102
111  37.29427413  136.95863029 102
111  37.29564884  136.95787358 102
111  37.29628090  136.95976201 102
111  37.29713065  136.95932555 102
111  37.29547920  136.95445868 102
111  37.29462842  136.95491050 102
111  37.29467437  136.95505045 102
111  37.29416409  136.95533973 102
111  37.29423866  136.95560333 102
111  37.29341380  136.95607194 102
111  37.29372137  136.95702089 102
112  37.29374467  136.95727277  37.29372089  136.95740953 102
111  37.29364681  136.95743093 102
111  37.29227328  136.95817883 102
112  37.29214098  136.95817267  37.29208707  136.95815214 102
111  37.29202827  136.95804538 102
113  37.29229288  136.95883377 102
110 1 0.25 66.7000 New Taxiway 16
111  37.29696529  136.97220488
111  37.29707597  136.97213283
111  37.29686252  136.97149434
113  37.29667279  136.97133037
110 1 0.25 66.7000 New Taxiway 15
111  37.29013868  136.95226824
111  37.29015446  136.95195421
111  37.28991842  136.95128026
113  37.28982012  136.95133574
130 Airport Boundary 1
111  37.29548065  136.95437906
111  37.29481750  136.95267865
111  37.29376014  136.95092841
111  37.29265727  136.94937359
111  37.29187691  136.94877248
111  37.29085322  136.94753333
111  37.28900124  136.94528288
111  37.28669374  136.94664503
111  37.28659253  136.95037901
111  37.28729055  136.95340836
111  37.28882412  136.95971295
111  37.29039006  136.96410738
111  37.29216480  136.96896107
111  37.29289659  136.97054890
111  37.29369792  136.97202529
111  37.29471742  136.97283204
111  37.29564881  136.97330660
111  37.29637019  136.97319569
111  37.29661510  136.97311774
111  37.29737031  136.97271300
111  37.29752098  136.97187587
111  37.29749063  136.97050256
111  37.29724859  136.96670495
111  37.29691631  136.96442706
111  37.29721838  136.96328811
111  37.29739962  136.96226306
113  37.29721696  136.95934726
120 Linear Feature 34
111  37.29565414  136.96027800 20
111  37.29583486  136.96078550 20
111  37.29574525  136.96082817 20
111  37.29601173  136.96159751 20
111  37.29604249  136.96168334 20
111  37.29595936  136.96172551 20
115  37.29625213  136.96261482
120 Linear Feature 33
111  37.29446138  136.95597258 20
115  37.29516259  136.95802263
120 Linear Feature 26
111  37.29228123  136.95882046 51
112  37.29227747  136.95860420  37.29229958  136.95853485 51
111  37.29237336  136.95846483 51
111  37.29377338  136.95770574 51
112  37.29393436  136.95772712  37.29401431  136.95776518 51
111  37.29406538  136.95788760 51
115  37.29431528  136.95858529
120 Linear Feature 25
111  37.29202151  136.95805505 51
112  37.29213126  136.95821132  37.29219740  136.95824526 51
111  37.29229473  136.95821929 51
111  37.29370018  136.95747284 51
112  37.29379215  136.95728398  37.29380302  136.95717741 51
111  37.29376757  136.95698916 51
115  37.29347446  136.95608505
120 Linear Feature 24
111  37.29390243  136.95727052 51 101
112  37.29392219  136.95714856  37.29392040  136.95709888 51 101
111  37.29391501  136.95709888 51 101
111  37.29384221  136.95689322 51 101
112  37.29384433  136.95678906  37.29385429  136.95675142 51 101
111  37.29389884  136.95672623 51 101
115  37.29441934  136.95644212
120 Linear Feature 23
111  37.29375102  136.95756941 51 101
112  37.29387992  136.95743384  37.29390359  136.95737102 51 101
112  37.29389914  136.95727307  37.29391093  136.95719948 51 101
111  37.29396364  136.95716858 51 101
115  37.29454545  136.95684196
120 Linear Feature 20
111  37.29232304  136.95834871 51 101
112  37.29209259  136.95863919  37.29205389  136.95881791 51 101
115  37.29213172  136.95903406
120 Linear Feature 21
111  37.29403000  136.95762669 51 101
112  37.29412131  136.95771414  37.29414957  136.95776060 51 101
111  37.29422784  136.95802021 51 101
112  37.29429814  136.95811158  37.29434326  136.95813136 51 101
111  37.29441263  136.95809399 51 101
115  37.29482900  136.95788179
120 Linear Feature 19
111  37.29182661  136.95813114 51 101
112  37.29202880  136.95836889  37.29212663  136.95839894 51 101
111  37.29232012  136.95835249 51 101
111  37.29374232  136.95758091 51 101
112  37.29393291  136.95754559  37.29402188  136.95759352 51 101
112  37.29408966  136.95764677  37.29418287  136.95764677 51 101
115  37.29467431  136.95736454
120 Linear Feature 32
111  37.29520381  136.96111883 51
112  37.29525039  136.96104526  37.29526736  136.96098757 51
111  37.29524410  136.96093225 51
115  37.29510013  136.96049917
120 Linear Feature 31
111  37.29523980  136.96122932 51
112  37.29531819  136.96122172  37.29535619  136.96123533 51
111  37.29537456  136.96129173 51
115  37.29559191  136.96191261
120 Linear Feature 30
111  37.29344331  136.96221251 51
115  37.29523975  136.96122959
120 Linear Feature 29
111  37.29340086  136.96207610 51
115  37.29520364  136.96111920
120 Linear Feature 28
111  37.29335976  136.96260346 51 101
112  37.29334642  136.96228854  37.29339090  136.96215623 51 101
115  37.29352070  136.96209125
120 Linear Feature 27
111  37.29310072  136.96186657 51 101
112  37.29328264  136.96210466  37.29337516  136.96215669 51 101
111  37.29351991  136.96209152 51 101
115  37.29521531  136.96116938
120 Linear Feature 37
111  37.29377356  136.96203177 4
115  37.29372893  136.96190334
120 Linear Feature 36
111  37.29253384  136.95837651 4
115  37.29245177  136.95813809
21  37.29112665  136.95470611 2 66.7000 3.00 New Light Fixture 2
21  37.29508752  136.96913168 2 246.7000 3.00 New Light Fixture 1
14  37.29475945  136.95630005  82.02 0 New Tower Viewpoint 3
18  37.29542797  136.95479151 1 New Airport Beacon 4
19  37.29722452  136.97092307 0 New Windsock 6
19  37.29074917  136.95209063 0 New Windsock 5

1   2342 0 0 RJN3 HIDA airpark
100 25.00 1 1 0.20 0 1 0 10  36.17973643  137.30913106    0   60 0 0 0 0 28  36.17917157  137.31802288    0   60 0 0 0 0
110 2 0.25 94.5000 New Taxiway 17
111  36.17871025  137.31616507
111  36.17869938  137.31631738
111  36.17881333  137.31632772
113  36.17882304  137.31617619
110 2 0.20 94.5000 New Taxiway 4
111  36.17916025  137.31648642
111  36.17914238  137.31653850
111  36.17911154  137.31657721
111  36.17906534  137.31659460
111  36.17889323  137.31657735
111  36.17887172  137.31655384
111  36.17885527  137.31652562
111  36.17886666  137.31633121
111  36.17846247  137.31629744
111  36.17841363  137.31693182
111  36.17882799  137.31697564
111  36.17883809  137.31680870
111  36.17884988  137.31677740
111  36.17886841  137.31675236
111  36.17907391  137.31677322
111  36.17909793  137.31678809
111  36.17911852  137.31682011
111  36.17912634  137.31684824
113  36.17913421  137.31687705
110 2 0.20 94.5000 New Taxiway 3
111  36.17926931  137.31470824
111  36.17919247  137.31479702
111  36.17909931  137.31478740
111  36.17910455  137.31469310
111  36.17910714  137.31465111
111  36.17911570  137.31450622
111  36.17912481  137.31437797
111  36.17913098  137.31425058
111  36.17875202  137.31421051
111  36.17869874  137.31448809
111  36.17862181  137.31463349
111  36.17851907  137.31477638
111  36.17851251  137.31483533
111  36.17851034  137.31487145
111  36.17850833  137.31491588
111  36.17842980  137.31613491
111  36.17901247  137.31619599
111  36.17908684  137.31502028
111  36.17909084  137.31495653
111  36.17917505  137.31496423
113  36.17924808  137.31507578
130 Airport Boundary 2
111  36.18005355  137.30848749
111  36.17950964  137.30843497
111  36.17933580  137.31109618
111  36.17901006  137.31107376
111  36.17886987  137.31115130
111  36.17886171  137.31160579
111  36.17885560  137.31185576
111  36.17895421  137.31228924
111  36.17885681  137.31267784
111  36.17883955  137.31295892
111  36.17869651  137.31316668
111  36.17879516  137.31344470
111  36.17888394  137.31379605
111  36.17885083  137.31407429
111  36.17872220  137.31418053
111  36.17866746  137.31443050
111  36.17848204  137.31473102
111  36.17820597  137.31491006
111  36.17827849  137.31512800
111  36.17829206  137.31570604
111  36.17822695  137.31580686
111  36.17827578  137.31610932
111  36.17814022  137.31699632
111  36.17811012  137.31733593
111  36.17771285  137.32041348
111  36.17991406  137.32314227
111  36.18085193  137.32028709
111  36.18078578  137.31121963
113  36.17988319  137.31114679
120 Linear Feature 10
111  36.17935659  137.31508081 51
112  36.17932522  137.31495208  36.17929006  137.31489556 51
115  36.17922335  137.31488544
120 Linear Feature 9
111  36.17938276  137.31472191 51
112  36.17932837  137.31484629  36.17928089  137.31489037 51
111  36.17922336  137.31488548 51
115  36.17891316  137.31485880
120 Linear Feature 8
111  36.17924201  137.31691421 51
112  36.17920593  137.31676581  36.17916397  137.31669473 51
115  36.17910641  137.31668547
120 Linear Feature 7
111  36.17926769  137.31651926 51
112  36.17920643  137.31663872  36.17915823  137.31668217 51
111  36.17910637  137.31668534 51
115  36.17881956  137.31666110
120 Linear Feature 11
111  36.17925142  137.31502782 51
112  36.17922555  137.31496782  36.17920312  137.31494541 51
111  36.17917312  137.31494341 51
111  36.17898745  137.31492475 51
112  36.17894423  137.31493706  36.17892546  137.31495244 51
111  36.17891956  137.31497814 51
115  36.17884379  137.31614890
120 Linear Feature 14
111  36.17915716  137.31653381 51
112  36.17912730  137.31659428  36.17910425  137.31661257 51
111  36.17908352  137.31661242 51
111  36.17889247  137.31659398 51
112  36.17885283  137.31657704  36.17883739  137.31655788 51
111  36.17884052  137.31652537 51
115  36.17885253  137.31633240
120 Linear Feature 13
111  36.17913578  137.31682549 51
112  36.17911577  137.31677287  36.17909754  137.31675294 51
111  36.17907492  137.31674950 51
111  36.17886808  137.31673114 51
112  36.17883640  137.31675053  36.17882174  137.31677110 51
111  36.17882403  137.31679184 51
115  36.17881282  137.31697066
120 Linear Feature 12
111  36.17926764  137.31472817 51
112  36.17923952  137.31479619  36.17921450  137.31481864 51
111  36.17918995  137.31481539 51
111  36.17898955  137.31479513 51
112  36.17894098  137.31470550  36.17894671  137.31461650 51
111  36.17902025  137.31458798 51
115  36.17903454  137.31437397
120 Linear Feature 16
111  36.17908987  137.31495614 20
111  36.17900093  137.31494875 20
112  36.17896391  137.31496467  36.17894776  137.31498311 20
111  36.17894864  137.31502118 20
115  36.17887609  137.31617839
120 Linear Feature 15
111  36.17909659  137.31478617 20
111  36.17900911  137.31477744 20
112  36.17896607  137.31469851  36.17897036  137.31463532 20
111  36.17902969  137.31461284 20
111  36.17906345  137.31461548 20
111  36.17907877  137.31437711 20
111  36.17874912  137.31434713 20
111  36.17872234  137.31475914 20
111  36.17875711  137.31476154 20
112  36.17880336  137.31484643  36.17879817  137.31491638 20
111  36.17874415  137.31492137 20
115  36.17851847  137.31490313
99
